size(1080,720);
background(102,51,153);

fill(255,255,255,75);
strokeWeight(0);
stroke(255,255,255);
quad(540,90,990,360,540,630,90,360);

fill(255,255,0,90);
ellipse(562.5,45,90,85);

fill(51,102,255,90);
ellipse(517.5,45,90,85);

fill(255,0,0,90);
ellipse(1035,337.5,85,90);

fill(255,102,0,90);
ellipse(1035,382.5,85,90);

fill(0,153,0,90);
ellipse(562.5,675,90,85);

fill(102,102,153,90);
ellipse(517.5,675,90,85);

fill(102,51,0,90);
ellipse(45,337.5,85,90);

fill(0,0,0,90);
ellipse(45,382.5,85,90);
